11111111111111111111111111
12222222210000000000000001
12222222212222222222222221
12222222212222222222222221
12222222222222222222222221
11111111111111111111122221
10000000000000000002222221
100000000C0000000002222221
10000000000010000002222221
10C00000000010000002222221
10001111111110000102222221
10001000000000000102222221
100010000C0000000102222221
10001000000000000102111111
10001001111111111102222221
10001000000000000102222221
1000100000C000000102212221
100010000000000001022122E1
11111111111111111111111111
